$ANSIBLE_VAULT;1.1;AES256
36653531653831333662343739643133616430343665643364346632623065383139653333316131
3537343836363138356464373533653533656432363432360a643135666235336134623764303638
66656239383166643264376632666338356138636235356333396361666439366537313337626336
6239303163346132370a623237393765393231316432633233333236366666636431613532613935
65643730303533653166353666373663356263303132376236396632343534303730386362393939
39396366663531333438643862386435313736636163333462633232346333636131316631306333
65316561343165666131303065653463363332383230363163366537386538393631313331336139
61663733663730366364313966396532353730633832636135653761636636306639613963613935
62366362623039333962313832306232623031366162313964626335616231393232376662343161
36636137396661613666313034623166323037313765616330326162373239303633333330373061
37636136386363333463653134303334373365663438656538623035633434386566343265663962
30326430313835306366613164633064646634623234356137373361326364633764333364383539
63663639623362353064636431363630666230343639363066613234383165363239386465316335
32626430393436313066313636313830626561393563663137373831376263306536323364323733
33366431323135386566353133313333633531643837663030326530316538623661353632313961
37303963386566313633653064323364333330313365623538343939616166303263616562356166
65363464316665306361383138363331323835313435663764316661356464333166303938636261
34326162623864313463396363356464326162303937323433373636343032653834336235343333
62663830353266396331643764316135393037373463323063643639363136656466613630376335
65623162353564613639393961653662633664363766663665393639663536643332626535396666
39396165346432636333313436616562376463353962643935623037623966363132356638316661
34373332643438343765343039333661366535663864333932383235346632643936613133306136
34363261643866303139303237306565303432643737646666353430303430616135326166643133
35366439306539633334316365313332646330373631653336646330336361623039346135363266
33323339343438383766666634303139343435653366663432636262653561343230333861636466
64666334383562663461326230306138323865653063313931653036643536663861336439366430
34623636653962366131316264363635666162353030353162656532323234336331346131623530
37313136383361656362303562363335643462636430396132306162383865373834653866663638
36346630393734323838633938343765663965313734316538666139623963353962623063656163
65666636383032303662376162376661646564666162613861353436336563376163316261663365
66303936303162623065366164363734316266393161356134316338663763343961353365336265
64333738336636636136363332313066366465313764643962356462303932333336316662353431
33306531343237333235636633396436356233643833323362353230616335653131633466656337
66656434396337656434383630636137353831613333383733626435643135303632303062393232
63613734373765313738346265383734393234303364643239613637396131343736356366336430
39313538323834643864373431343737633832663936383339396564633635616465666131303235
63663430396231366166323864396538323361643132383930663230666165353930653538633739
39363236643863333730383231306231653363303563306462346331646262346663343765633738
39333536326466623839643537366634313936656364383536323961393465626535353566613962
32316165343762633239363264303033306330393132353936303438393437373335633432393161
34383463633133393030666231643631353966383135313234313965326138313062333263613364
31323561666535303435633636373362383361393462353333343031636265323435393565333466
39663561316361646130386231623065663238343662663664343532613331376364663333653336
66363964366438663966363565656430383232656133393034313333363836396332643138373233
31613762376535326261376335636536663239313866393961393935653739343561313431346563
6234343430376239313430386131626466313331626662303732
